-1.497364044189453125e-01
1.072887229919433594e+01
-1.646090316772460938e+01
-1.471878051757812500e+01
-7.703086853027343750e+00
5.363147735595703125e+00
-3.962631225585937500e-01
1.585778808593750000e+01
-1.774881362915039062e+00
5.292251586914062500e+00
-6.044261932373046875e+00
-3.931308746337890625e+00
-1.910696983337402344e+01
-1.324564170837402344e+01
-8.244462013244628906e+00
7.408714294433593750e-01
7.906703948974609375e+00
1.200045776367187500e+01
-1.355882167816162109e+01
-8.709257125854492188e+00
7.264343261718750000e+00
1.660775756835937500e+01
-4.116003036499023438e+00
1.496623611450195312e+01
-3.223667144775390625e+00
2.116281509399414062e+00
1.810952377319335938e+01
-1.855340766906738281e+01
-1.259075927734375000e+01
-5.063304901123046875e+00
-7.795999526977539062e+00
1.728001403808593750e+01
-1.296359252929687500e+01
-9.206657409667968750e+00
-1.397280883789062500e+01
-1.873122024536132812e+01
-1.167480945587158203e+01
1.719195938110351562e+01
8.924367904663085938e+00
9.693450927734375000e+00
1.051830291748046875e+00
-1.025366973876953125e+01
3.383693695068359375e+00
-1.867389488220214844e+01
-1.445132446289062500e+01
-1.031060028076171875e+01
1.261875915527343750e+01
1.172642517089843750e+01
-8.869900703430175781e+00
-7.216472625732421875e-01
