1.279121398925781250e+01
1.988266372680664062e+01
7.937643051147460938e+00
2.701856613159179688e+00
1.340972518920898438e+01
-1.177604675292968750e+01
3.726881027221679688e+00
-1.550611019134521484e+01
-1.386172294616699219e+01
-1.033167076110839844e+01
9.049461364746093750e+00
8.043209075927734375e+00
-1.184704971313476562e+01
6.042140960693359375e+00
1.097944068908691406e+01
-2.524347305297851562e+00
7.636299133300781250e-01
4.634094238281250000e+00
1.240753173828125000e+01
1.920388031005859375e+01
-1.541247177124023438e+01
-7.329395294189453125e+00
7.860198974609375000e+00
1.657098770141601562e+01
1.740414428710937500e+01
1.764713668823242188e+01
3.980291366577148438e+00
-1.739165306091308594e+01
1.839849472045898438e+00
-1.251210689544677734e+01
-1.863908386230468750e+01
1.776984786987304688e+01
1.520719528198242188e+01
-1.995055961608886719e+01
3.743440628051757812e+00
-3.369199752807617188e+00
-3.291223526000976562e+00
-9.155138015747070312e+00
7.691123962402343750e+00
-1.184607028961181641e+01
7.331827163696289062e+00
1.011416244506835938e+01
1.431743240356445312e+01
7.478221893310546875e+00
-1.979470443725585938e+01
-1.297393798828125000e+01
9.986301422119140625e+00
4.186027526855468750e+00
-1.560168075561523438e+01
-1.151638984680175781e+01
